10 31 35 50 72 8
16 29 44 69 74 12
17 41 51 53 56 15
9 26 27 29 74 4
25 32 37 45 70 1
6 25 35 38 52 4
2 38 48 61 68 4
7 9 24 38 52 1
8 9 21 63 75 14
17 58 63 64 66 13
4 14 29 31 47 9
8 21 30 61 62 9
3 8 38 51 64 4
28 30 38 45 51 8
17 34 35 51 65 7
7 20 35 49 56 9
5 11 31 50 67 14
19 20 36 41 46 7
17 21 39 52 57 5
2 5 35 40 54 13
13 35 40 60 68 9
5 44 54 59 63 1
13 15 21 41 72 1
2 7 33 39 53 9
12 15 20 52 71 3
3 8 29 57 68 8
1 38 53 63 66 10
2 19 44 51 57 14
28 32 33 40 46 10
8 35 61 68 75 15
10 12 26 60 62 13
20 30 62 65 74 1
6 17 30 31 41 15
19 24 30 35 72 5
24 27 45 51 54 8
6 15 16 28 49 14
33 50 64 71 72 9
11 17 34 43 50 15
12 23 33 47 50 3
6 13 38 56 70 2
4 35 36 52 68 8
8 19 26 56 67 14
1 40 42 56 62 2
6 16 17 25 36 7
7 22 27 41 49 10
2 9 11 22 23 12
20 27 38 49 66 2
1 39 52 69 72 12
3 14 15 25 48 8
10 12 21 29 65 10
11 17 21 36 74 15
14 30 33 36 44 2
9 21 25 66 72 7
11 21 42 62 71 7
17 18 61 66 74 3
22 27 55 58 63 11
24 25 29 47 67 4
31 33 35 41 69 11
15 18 29 41 50 5
3 7 25 68 71 3
6 11 32 46 68 9
5 15 22 26 64 6
10 36 47 63 74 2
8 26 41 61 73 11
17 21 36 58 70 3
2 23 32 45 55 12
7 50 54 61 75 7
11 27 44 45 58 3
8 22 30 42 45 3
10 14 19 30 73 14
30 48 55 68 73 5
9 11 42 44 50 3
7 49 53 60 64 4
15 23 26 45 66 4
2 6 8 52 66 13
6 45 50 65 66 1
4 20 44 65 74 14
7 42 53 58 71 15
5 6 17 33 68 13
11 22 25 58 69 13
18 31 39 45 55 6
5 26 27 44 57 7
14 15 32 68 72 8
31 35 56 59 63 6
26 32 44 45 58 11
12 20 25 50 51 7
37 49 50 56 57 8
12 20 27 38 75 4
13 15 35 62 74 12
3 7 44 63 67 12
2 5 10 20 38 14
4 10 31 56 66 7
14 18 58 59 68 4
41 58 68 72 73 1
2 31 46 58 65 7
27 45 49 51 52 14
4 5 11 51 59 5
13 18 22 49 62 11
8 26 29 36 47 10
10 11 29 47 56 4
3 12 35 37 63 15
37 39 53 68 75 6
3 49 61 62 68 15
23 25 28 30 75 11
31 35 41 65 66 5
9 15 24 39 41 1
11 29 36 58 67 15
3 50 57 58 60 11
2 14 21 28 55 3
5 35 37 41 66 11
21 31 43 56 60 12
11 37 46 64 68 15
2 32 35 50 59 3
16 29 46 48 55 2
3 20 34 58 67 6
3 16 52 54 61 6
17 26 35 46 62 9
21 24 25 40 43 12
16 25 27 29 34 2
25 45 51 53 73 2
18 28 33 36 42 7
25 34 55 70 71 1
7 12 20 24 59 7
1 8 54 69 72 1
3 26 45 58 73 12
29 31 51 60 64 1
5 31 34 41 74 3
22 39 56 67 71 15
16 19 28 29 68 9
32 53 60 63 68 6
9 16 61 70 75 7
25 28 36 45 53 6
13 29 34 37 72 6
2 8 16 43 74 1
22 29 33 41 68 12
14 18 22 31 47 15
5 8 59 65 72 3
2 4 17 36 40 5
9 13 30 35 69 10
14 25 27 48 49 9
16 33 39 58 69 2
9 22 38 47 49 15
15 29 31 46 64 10
13 17 24 47 65 10
1 22 25 29 56 3
10 14 24 47 60 3
7 38 46 49 56 1
2 10 24 26 74 7
12 29 37 49 72 9
19 28 62 66 74 6
10 13 42 43 62 2
1 6 10 46 58 13
12 14 21 38 70 15
10 40 63 64 69 7
13 14 16 50 56 11
37 46 48 70 74 1
10 28 39 51 59 14
18 20 27 48 51 5
1 18 26 35 40 13
7 43 59 61 66 3
3 11 18 20 66 9
2 18 19 49 50 1
18 25 38 45 63 9
4 39 46 47 70 13
3 42 44 47 57 8
35 36 41 60 71 3
1 10 15 41 54 9
10 23 68 74 75 9
2 3 9 50 73 12
19 26 51 57 73 15
2 23 30 35 53 10
11 19 24 33 51 7
7 20 40 54 69 12
9 14 56 57 69 10
11 13 51 57 69 1
10 29 31 35 45 10
3 31 50 58 59 6
12 18 25 35 66 15
23 29 32 45 46 15
23 29 31 37 70 14
20 28 35 71 72 7
43 64 67 71 73 4
11 21 23 35 64 10
25 44 49 60 73 9
3 9 13 47 52 8
7 16 28 53 60 2
22 45 46 47 65 10
8 23 33 45 52 4
1 10 26 31 51 11
4 23 26 62 69 13
8 28 36 37 57 8
13 34 56 62 64 6
22 24 25 40 70 5
8 12 34 52 58 8
4 15 35 48 49 11
23 34 53 58 73 2
3 4 31 49 57 6
8 14 17 20 39 7
19 24 26 27 70 12
5 12 22 41 65 13
11 29 44 63 64 3
7 12 41 44 59 3
9 41 43 47 57 5
27 44 59 74 75 3
17 23 35 36 44 8
14 15 29 49 63 2
25 44 49 54 63 8
20 30 32 42 71 15
41 42 51 57 65 7
2 11 42 64 74 2
32 35 49 62 67 1
20 33 50 53 54 7
6 16 45 54 60 15
2 3 19 52 71 14
5 20 45 48 56 1
4 23 30 43 50 11
