16 29 44 69 74 12
17 41 51 53 56 15
9 26 27 29 74 4
25 32 37 45 70 1
6 25 35 38 52 4
2 38 48 61 68 4
7 9 24 38 52 1
8 9 21 63 75 14
17 58 63 64 66 13
4 14 29 31 47 9
8 21 30 61 62 9
3 8 38 51 64 4
28 30 38 45 51 8
17 34 35 51 65 7
7 20 35 49 56 9
5 11 31 50 67 14
19 20 36 41 46 7
17 21 39 52 57 5
2 5 35 40 54 13
13 35 40 60 68 9
5 44 54 59 63 1
13 15 21 41 72 1
2 7 33 39 53 9
12 15 20 52 71 3
3 8 29 57 68 8
17 18 61 66 74 3
11 21 42 62 71 7
9 21 25 66 72 7
14 30 33 36 44 2
11 17 21 36 74 15
10 12 21 29 65 10
3 14 15 25 48 8
1 39 52 69 72 12
20 27 38 49 66 2
2 9 11 22 23 12
7 22 27 41 49 10
6 16 17 25 36 7
1 40 42 56 62 2
8 19 26 56 67 14
4 35 36 52 68 8
6 13 38 56 70 2
12 23 33 47 50 3
11 17 34 43 50 15
33 50 64 71 72 9
6 15 16 28 49 14
24 27 45 51 54 8
19 24 30 35 72 5
6 17 30 31 41 15
20 30 62 65 74 1
10 12 26 60 62 13
8 35 61 68 75 15
28 32 33 40 46 10
2 19 44 51 57 14
1 38 53 63 66 10
13 15 35 62 74 12
12 20 27 38 75 4
37 49 50 56 57 8
12 20 25 50 51 7
26 32 44 45 58 11
31 35 56 59 63 6
14 15 32 68 72 8
5 26 27 44 57 7
18 31 39 45 55 6
11 22 25 58 69 13
5 6 17 33 68 13
7 42 53 58 71 15
4 20 44 65 74 14
6 45 50 65 66 1
2 6 8 52 66 13
15 23 26 45 66 4
7 49 53 60 64 4
9 11 42 44 50 3
30 48 55 68 73 5
10 14 19 30 73 14
8 22 30 42 45 3
11 27 44 45 58 3
7 50 54 61 75 7
2 23 32 45 55 12
17 21 36 58 70 3
8 26 41 61 73 11
10 36 47 63 74 2
5 15 22 26 64 6
6 11 32 46 68 9
3 7 25 68 71 3
15 18 29 41 50 5
31 33 35 41 69 11
24 25 29 47 67 4
22 27 55 58 63 11
