11/3/2015 	16 	29 	44 	69 	74 	12 	5 	Details
11/6/2015 	10 	31 	35 	50 	72 	8 	3 	Details
11/10/2015 	8 	17 	20 	45 	71 	4 	4 	Details
11/13/2015 	17 	18 	31 	35 	59 	9 	5 	Details
11/17/2015 	12 	14 	18 	24 	61 	10 	3 	Details
11/20/2015 	9 	12 	29 	37 	67 	15 	2 	Details
11/24/2015 	2 	19 	30 	38 	70 	8 	4 	Details
11/27/2015 	16 	20 	39 	56 	59 	12 	3 	Details
12/1/2015 	5 	7 	25 	50 	59 	12 	2 	Details
12/4/2015 	26 	42 	47 	61 	73 	6 	5 	Details
12/8/2015 	7 	17 	37 	49 	73 	15 	3 	Details
12/11/2015 	14 	20 	43 	54 	69 	5 	4 	Details
12/15/2015 	18 	25 	47 	51 	61 	5 	5 	Details
12/18/2015 	6 	23 	24 	28 	62 	7 	5 	Details
12/22/2015 	11 	21 	40 	50 	70 	15 	3 	Details
12/25/2015 	15 	25 	29 	44 	51 	4 	4 	Details
12/29/2015 	20 	25 	55 	62 	74 	7 	3 	Details
1/1/2016 	7 	18 	37 	38 	39 	9 	5 	Details
1/5/2016 	1 	4 	36 	48 	57 	13 	5 	Details
megamillions