44 36 23 9 8 15
3 47 46 9 1 22
41 30 49 34 29 37
32 4 10 39 45 25
31 39 22 41 4 6
41 29 5 42 18 16
46 16 41 38 47 25
7 6 33 31 4 20
29 27 44 21 41 9
27 15 21 47 37 16
45 19 41 32 8 37
39 49 31 34 42 26
36 25 11 1 29 40
48 16 31 9 28 36
42 19 23 14 29 26
23 22 35 6 9 6
22 43 1 24 39 26
29 9 49 19 38 20
46 38 29 23 26 35
24 15 32 22 39 18
27 6 11 15 22 27
4 31 34 7 41 28
26 34 2 33 39 23
6 19 38 10 43 41
14 41 10 8 42 20
20 15 45 7 23 17
22 14 38 41 11 39
29 1 20 27 4 17
37 2 39 38 42 22
44 18 5 40 47 34
27 31 41 3 32 33
26 12 46 32 41 18
21 38 12 4 46 37
37 49 17 45 13 4
34 5 22 42 9 2
10 29 14 4 39 10
37 32 6 11 47 13
45 5 46 3 20 37
24 45 13 19 44 16
17 42 21 43 28 25
16 22 18 41 14 37
32 44 45 26 41 35
4 7 39 34 27 1
24 16 48 34 3 3
24 19 32 44 43 39
24 47 44 32 42 15
35 1 17 36 27 31
17 45 23 33 21 11
19 47 1 40 49 14
21 2 22 47 13 31
18 42 14 29 20 2
28 6 4 12 42 6
5 26 22 14 20 35
25 29 36 46 4 8
40 43 27 22 16 5
43 28 47 20 40 31
17 36 23 10 13 23
44 16 15 47 27 14
46 47 31 6 38 21
18 28 19 11 17 34
32 38 28 13 33 14
12 42 49 33 27 31
38 24 26 11 41 7
3 37 20 22 44 36
12 2 33 15 41 33
36 5 8 18 38 40
21 5 8 49 46 34
9 10 48 6 26 10
10 2 39 34 7 12
32 18 10 14 33 2
42 14 22 13 32 26
27 24 30 13 45 18
49 13 26 27 2 4
43 1 28 27 24 25
25 15 47 44 6 7
23 21 42 32 34 5
47 2 32 40 16 15
46 45 19 39 49 17
31 37 13 14 15 10
22 15 42 43 16 11
30 29 2 44 22 36
7 47 19 43 46 4
40 5 48 17 44 26
17 20 49 16 28 34
38 1 42 27 3 24
31 47 20 18 8 11
39 4 27 29 41 16
5 48 41 34 13 7
12 14 35 26 36 37
37 24 10 5 17 15
48 3 9 5 42 35
8 20 49 9 3 22
28 26 48 40 15 9
31 20 4 25 6 6
33 4 48 12 9 18
6 11 18 8 39 40
4 3 29 38 13 21
40 12 32 37 49 37
6 48 43 30 45 32
41 3 12 46 30 32
30 43 46 12 39 10
19 44 15 38 14 20
23 11 31 2 28 39
36 17 14 11 25 38
6 43 8 48 3 1
22 30 38 21 29 39
49 9 7 23 37 7
32 12 20 16 26 35
45 24 14 23 48 21
31 10 12 9 41 37
45 37 44 21 24 24
40 36 49 5 29 30
44 11 41 34 6 20
16 6 10 12 29 33
28 8 32 6 47 26
46 43 18 25 30 18
41 32 4 34 16 25
12 37 31 35 44 34
40 1 6 21 33 28
32 9 44 38 41 27
28 7 35 40 48 14
15 5 16 28 32 39
36 13 23 9 45 39
43 11 16 3 14 10
19 39 29 6 44 28
43 23 42 13 11 18
43 3 2 25 15 25
35 33 47 19 32 26
47 10 6 31 48 29
34 13 44 40 47 24
38 25 36 22 5 37
32 14 47 20 3 2
16 24 38 28 3 28
43 2 15 4 37 40
5 6 18 44 42 3
27 20 11 48 43 12
26 13 32 16 34 24
43 40 19 13 31 36
8 5 12 40 25 28
7 3 8 1 26 7
26 41 33 37 10 21
31 24 20 39 17 21
32 15 12 37 27 11
2 20 19 29 16 13
5 40 18 22 12 21
23 15 44 38 43 38
20 8 43 39 27 1
7 6 38 42 15 42
48 35 15 12 25 30
29 46 11 41 22 42
33 41 36 32 15 7
8 33 38 35 47 8
2 46 26 34 8 30
37 12 1 42 48 31
37 4 32 42 33 25
8 43 22 39 15 22
23 22 34 26 14 29
9 37 39 36 32 14
38 39 25 14 18 7
45 11 13 21 34 30
17 45 28 42 2 20
8 5 26 41 9 19
6 39 5 45 1 14
5 7 43 12 10 7
42 49 45 1 44 1
24 33 35 4 18 34
45 18 43 46 26 29
22 25 31 23 32 25
4 23 45 47 33 33
26 13 31 4 29 3
37 40 36 30 48 28
25 32 6 29 1 9
35 17 7 44 37 30
41 3 6 37 17 8
1 7 8 37 21 2
5 20 40 10 12 3
22 15 38 47 8 26
15 12 23 17 49 7
46 2 23 38 27 26
2 4 38 14 8 1
28 26 35 45 17 20
32 35 7 48 38 17
49 8 37 2 16 11
48 24 4 20 46 32
43 36 35 5 45 19
36 26 34 29 37 24
36 18 6 43 15 11
24 35 4 41 9 31
4 38 24 27 30 14
5 12 40 38 4 28
25 47 34 28 30 14
7 40 9 31 26 24
20 9 27 7 26 18
42 5 12 18 7 14
3 48 45 1 35 18
3 11 45 41 32 29
18 40 25 43 15 37
25 10 40 19 12 33
3 34 45 42 24 1
26 5 37 39 31 42
1 4 10 17 30 6
16 3 15 39 28 1
12 45 13 5 48 35
19 20 27 7 26 12
20 41 4 40 22 7
9 15 31 40 37 9
11 49 8 42 44 39
34 26 49 14 1 15
25 42 19 13 20 13
1 44 42 12 8 13
30 13 46 20 32 36
46 15 40 29 8 23
16 39 24 6 15 12
36 25 21 22 10 39
18 4 35 27 9 11
31 42 10 27 20 26
25 48 39 15 32 32
39 42 26 20 30 32
19 40 25 24 45 5
20 23 4 44 2 22
3 49 30 19 26 31
12 2 40 19 48 27
2 40 28 15 20 15
31 15 33 47 43 6
27 5 10 11 32 13
16 44 2 9 13 36
23 26 39 4 17 27
38 34 46 20 10 3
17 27 29 7 41 33
45 29 31 39 46 33
5 15 45 17 3 6
3 32 19 27 8 38
29 40 16 12 26 32
40 12 43 48 33 16
31 19 9 27 20 39
45 29 36 4 22 30
11 4 43 6 2 9
6 33 48 13 10 9
15 14 21 1 35 10
21 25 33 39 46 18
41 35 10 16 3 38
48 36 14 25 10 2
5 33 10 13 30 28
17 2 36 8 30 22
17 42 33 37 34 8
44 24 35 9 8 42
12 25 17 10 40 20
24 27 22 44 39 25
44 48 47 32 28 27
26 14 18 32 15 6
1 19 8 28 45 25
15 8 26 9 6 7
5 25 32 14 22 4
2 8 3 12 36 24
25 24 5 3 2 8
1 21 42 22 5 18
41 35 19 37 1 11
40 35 6 24 42 2
19 28 33 16 35 16
42 46 12 4 19 9
26 49 10 16 8 40
28 29 44 40 21 8
13 18 14 29 31 23
6 32 46 23 42 8
21 22 11 7 49 19
8 23 43 15 46 29
37 12 49 27 30 20
10 42 33 2 45 2
45 42 5 9 33 28
42 35 19 12 3 21
4 25 20 44 1 5
39 8 43 45 49 13
23 14 3 21 17 16
30 49 1 23 22 33
10 40 14 8 33 31
16 21 36 23 11 37
10 12 1 6 38 17
19 5 16 34 29 24
39 25 38 15 30 42
3 17 29 35 47 34
7 10 31 30 36 37
27 18 16 30 13 23
49 27 26 31 9 4
36 35 7 37 14 10
21 23 6 8 3 11
12 36 38 19 4 6
24 42 26 16 28 24
31 22 25 41 35 38
3 45 29 24 14 24
46 27 15 33 2 27
15 16 35 46 1 35
9 30 48 34 4 8
22 1 41 28 23 18
2 36 13 30 18 26
8 49 34 29 26 28
20 47 45 44 11 5
49 3 37 19 14 4
25 46 8 47 30 31
35 5 38 7 20 19
13 4 49 29 31 4
22 24 45 19 30 21
41 25 8 24 39 21
49 48 5 36 15 11
3 24 30 49 10 35
8 3 23 46 43 13
47 33 11 34 12 39
27 44 33 38 30 15
42 44 35 23 5 29
38 34 4 35 47 16
4 41 39 2 33 26
15 47 35 34 42 15
2 17 36 24 5 20
32 36 42 30 21 33
39 30 19 3 33 9
49 26 4 45 41 6
30 43 2 20 46 19
22 47 29 39 9 25
1 33 28 29 21 15
41 23 5 39 7 6
37 34 33 25 35 35
40 12 15 5 27 14
30 25 12 8 21 20
13 36 48 7 11 18
23 48 36 15 31 12
7 23 15 28 36 10
31 32 23 1 26 33
28 9 49 38 29 6
16 9 6 28 38 13
17 9 7 44 20 25
18 4 30 37 3 23
4 9 27 7 32 6
27 14 6 4 5 6
14 48 15 36 9 17
28 16 35 34 3 14
23 11 12 17 10 7
3 5 45 18 13 20
44 41 46 35 5 27
18 21 28 41 4 3
15 26 28 8 43 36
18 9 14 47 42 32
11 27 13 2 31 23
15 46 34 23 40 35
22 31 3 7 14 2
19 10 48 3 21 22
32 7 45 21 26 8
41 14 13 29 16 1
40 17 21 7 49 37
2 19 35 24 28 26
37 28 33 22 25 20